R = zeros(4);
tic
R(1,1) = 1.000000000000000e+00;
R(1,2) = 0;
R(1,3) = 1.000000000000000e+00;
R(1,4) = 1.000000000000000e+00;

R(2,1) = -9.632477593544349e-01; 
R(2,2) = 0;    
R(2,3) = 1.000000000000000e+00;
R(2,4) = 2.963247759354435e+00;

R(3,1) = 2.000000000000000e+00;
R(3,2) = 1.000000000000000e+00;    
R(3,3) = 2.000000000000000e+00;  
R(3,4) = 2.000000000000000e+00;

R(4,1) = 5.378355601807868e+00; 
R(4,2) = 2.000000000000000e+00;
R(4,3) = 2.500000000000000e+00;
R(4,4) = 9.304851120516739e+00;


ONE = ones(4);

L = ONE/R;
toc
L
